0.01      1.0000007646521816            
0.02      1.0000007683490952            
0.03      1.0000007744883275            
0.04      1.0000007830365614            
0.05      1.0000007939473918            
0.06      1.0000008071615594            
0.07      1.0000008226072543            
0.08      1.0000008402004772            
0.09      1.0000008598454704            
0.1       1.0000008814351944            
0.11      1.0000009048518836            
0.12      1.0000009299676287            
0.13      1.0000009566450299            
0.14      1.0000009847378861            
0.15      1.000001014091934             
0.16      1.000001044545621             
0.17      1.0000010759309106            
0.18      1.0000011080741318            
0.19      1.0000011407968412            
0.2       1.0000011739167036            
0.21      1.0000012072484101            
0.22      1.0000012406045855            
0.23      1.0000012737967128            
0.24      1.000001306636059             
0.25      1.0000013389346032            
0.26      1.000001370505945             
0.27      1.0000014011662128            
0.28      1.000001430734951             
0.29      1.0000014590359874            
0.3       1.0000014858982684            
0.31      1.0000015111566785            
0.32      1.0000015346528168            
0.33      1.0000015562357332            
0.34      1.0000015757626353            
0.35      1.0000015930995456            
0.36      1.0000016081219114            
0.37      1.0000016207151667            
0.38      1.000001630775249             
0.39      1.0000016382090526            
0.4       1.0000016429348408            
0.41      1.0000016448825908            
0.42      1.000001643994293             
0.43      1.0000016402241867            
0.44      1.0000016335389503            
0.45      1.0000016239178273            
0.46      1.000001611352708             
0.47      1.000001595848152             
0.48      1.0000015774213762            
0.49      1.0000015561021884            
0.5       1.0000015319328805            
0.51      1.0000015049681055            
0.52      1.0000014752747033            
0.53      1.000001442931534             
0.54      1.0000014080292898            
0.55      1.0000013706703192            
0.56      1.0000013309684856            
0.57      1.0000012890490593            
0.58      1.0000012450486986            
0.59      1.000001199115541             
0.6       1.0000011514094644            
0.61      1.0000011021025748            
0.62      1.000001051380028             
0.63      1.0000009994412913            
0.64      1.0000009465020336            
0.65      1.0000008927968944            
0.66      1.0000008385834376            
0.67      1.000000784147821             
0.68      1.0000007298128144            
0.69      1.0000006759490911            
0.7       1.0000006229909835            
0.71      1.00000057145807              
0.72      1.000000521983721             
0.73      1.0000004753501666            
0.74      1.000000432524929             
0.75      1.0000003946823095            
0.76      1.0000003631737147            
0.77      1.0000003393896413            
0.78      1.0000003244698252            
0.79      1.0000003189193871            
0.8       1.0000003223424454            
0.81      1.0000003335080248            
0.82      1.000000350717453             
0.83      1.0000003722233608            
0.84      1.0000003965002342            
0.85      1.0000004223399348            
0.86      1.0000004488389393            
0.87      1.000000475343695             
0.88      1.000000501391031             
0.89      1.00000052665766              
0.9       1.00000055092149              
0.91      1.0000005740333116            
0.92      1.0000005958964666            
0.93      1.0000006164523236            
0.94      1.0000006356699003            
0.95      1.0000006535383923            
0.96      1.0000006700617647            
0.97      1.0000006852548073            
0.98      1.0000006991402226            
0.99      1.0000007117464875            
