0.01      1.0000013631833125            
0.02      1.0000013646062447            
0.03      1.000001366968241             
0.04      1.0000013702550112            
0.05      1.000001374446634             
0.06      1.0000013795176426            
0.07      1.0000013854371403            
0.08      1.0000013921689273            
0.09      1.000001399671663             
0.1       1.0000014078990411            
0.11      1.000001416799989             
0.12      1.0000014263188952            
0.13      1.0000014363958367            
0.14      1.0000014469668541            
0.15      1.0000014579642131            
0.16      1.000001469316704             
0.17      1.0000014809499473            
0.18      1.0000014927867127            
0.19      1.0000015047472555            
0.2       1.000001516749651             
0.21      1.000001528710156             
0.22      1.0000015405435643            
0.23      1.000001552163572             
0.24      1.0000015634831512            
0.25      1.0000015744149162            
0.26      1.0000015848715045            
0.27      1.000001594765951             
0.28      1.0000016040120518            
0.29      1.0000016125247455            
0.3       1.0000016202204653            
0.31      1.000001627017505             
0.32      1.0000016328363606            
0.33      1.0000016376000793            
0.34      1.0000016412345805            
0.35      1.000001643668979             
0.36      1.0000016448358846            
0.37      1.0000016446716995            
0.38      1.0000016431168812            
0.39      1.0000016401162142            
0.4       1.0000016356190424            
0.41      1.0000016295794938            
0.42      1.0000016219566912            
0.43      1.0000016127149354            
0.44      1.0000016018238607            
0.45      1.0000015892586083            
0.46      1.0000015749999287            
0.47      1.0000015590343059            
0.48      1.0000015413540395            
0.49      1.0000015219573233            
0.5       1.0000015008482939            
0.51      1.000001478037072             
0.52      1.0000014535397814            
0.53      1.0000014273785642            
0.54      1.0000013995815766            
0.55      1.000001370182983             
0.56      1.0000013392229383            
0.57      1.0000013067475846            
0.58      1.0000012728090364            
0.59      1.0000012374653944            
0.6       1.0000012007807708            
0.61      1.000001162825357             
0.62      1.000001123675531             
0.63      1.0000010834140418            
0.64      1.0000010421302785            
0.65      1.0000009999206707            
0.66      1.000000956889259             
0.67      1.000000913148496             
0.68      1.0000008688203579            
0.69      1.0000008240378755            
0.7       1.0000007789472618            
0.71      1.0000007337107935            
0.72      1.0000006885108008            
0.73      1.0000006435551276            
0.74      1.0000005990845953            
0.75      1.0000005553831772            
0.76      1.0000005127916596            
0.77      1.0000004717255357            
0.78      1.0000004326972205            
0.79      1.0000003963407333            
0.8       1.000000363432292             
0.81      1.0000003348911917            
0.82      1.0000003117327787            
0.83      1.0000002949392177            
0.84      1.0000002852394663            
0.85      1.0000002828646817            
0.86      1.0000002874186786            
0.87      1.0000002979639688            
0.88      1.0000003132719089            
0.89      1.000000332086613             
0.9       1.0000003532957908            
0.91      1.0000003759963323            
0.92      1.0000003994920574            
0.93      1.0000004232622703            
0.94      1.0000004469242696            
0.95      1.000000470199856             
0.96      1.0000004928885988            
0.97      1.0000005148475946            
0.98      1.0000005359765118            
0.99      1.0000005562066465            
